0_0 673297.59494 3936864.28324 13.05704 0 0.02000 0.02000 0.03000
0_1 673307.81107 3936903.30141 13.09815 0 0.02000 0.02000 0.03000
0_2 673352.70811 3936905.17321 13.43018 0 0.02000 0.02000 0.03000
0_3 673375.66000 3936888.77400 13.73211 0 0.02000 0.02000 0.03000
0_4 673467.85344 3936867.64380 23.18965 0 0.02000 0.02000 0.03000
0_5 673462.51542 3936879.22217 16.06092 0 0.02000 0.02000 0.03000
0_6 673492.85833 3936888.06531 14.95829 0 0.02000 0.02000 0.03000
0_7 673487.01881 3936899.09207 14.76445 0 0.02000 0.02000 0.03000
0_8 673589.47049 3936862.98174 21.67570 0 0.02000 0.02000 0.03000
0_9 673543.36546 3936904.01963 15.68834 0 0.02000 0.02000 0.03000
0_10 673615.48780 3936886.57290 34.72328 0 0.02000 0.02000 0.03000
0_11 673656.66751 3936888.34310 48.72679 0 0.02000 0.02000 0.03000
0_12 673668.49921 3936873.07402 51.44091 0 0.02000 0.02000 0.03000
0_13 673707.70638 3936908.99386 61.71485 0 0.02000 0.02000 0.03000
0_14 673784.37952 3936913.57197 71.05136 0 0.02000 0.02000 0.03000
0_15 673762.21200 3936912.82395 70.17966 0 0.02000 0.02000 0.03000
0_16 673805.84753 3936916.30979 69.45964 0 0.02000 0.02000 0.03000
0_17 673842.02556 3936866.96731 77.17395 0 0.02000 0.02000 0.03000
0_18 673280.93559 3936963.62308 13.17771 0 0.02000 0.02000 0.03000
0_19 673294.90564 3936974.00061 13.32595 0 0.02000 0.02000 0.03000
0_20 673403.82833 3936920.65379 13.95460 0 0.02000 0.02000 0.03000
0_21 673376.22625 3936920.11565 13.70585 0 0.02000 0.02000 0.03000
0_22 673425.04256 3936922.23832 14.36408 0 0.02000 0.02000 0.03000
0_23 673419.14145 3936971.22651 13.90151 0 0.02000 0.02000 0.03000
0_24 673520.56567 3936930.33980 15.00968 0 0.02000 0.02000 0.03000
0_25 673510.03056 3936931.53467 14.83483 0 0.02000 0.02000 0.03000
0_26 673598.15194 3936951.68138 32.55616 0 0.02000 0.02000 0.03000
0_27 673545.27280 3936967.63338 15.14055 0 0.02000 0.02000 0.03000
0_28 673601.35512 3936925.01345 34.44418 0 0.02000 0.02000 0.03000
0_29 673622.73877 3936973.60104 34.90942 0 0.02000 0.02000 0.03000
0_30 673679.98158 3936978.22210 47.14919 0 0.02000 0.02000 0.03000
0_31 673680.63581 3936929.51724 54.31318 0 0.02000 0.02000 0.03000
0_32 673783.50025 3936921.99929 69.71999 0 0.02000 0.02000 0.03000
0_33 673778.09884 3936959.10161 60.65234 0 0.02000 0.02000 0.03000
0_34 673839.81290 3936951.48833 56.59843 0 0.02000 0.02000 0.03000
0_35 673803.63660 3936940.20797 61.92598 0 0.02000 0.02000 0.03000
0_36 673307.66513 3936988.30232 13.41854 0 0.02000 0.02000 0.03000
0_37 673336.63181 3937012.72903 13.60721 0 0.02000 0.02000 0.03000
0_38 673355.75363 3936989.38718 13.65563 0 0.02000 0.02000 0.03000
0_39 673347.54914 3937041.97991 11.36623 0 0.02000 0.02000 0.03000
0_40 673407.69891 3937011.67985 14.04028 0 0.02000 0.02000 0.03000
0_41 673465.67167 3937005.11327 14.40050 0 0.02000 0.02000 0.03000
0_42 673507.60258 3936989.83056 15.20119 0 0.02000 0.02000 0.03000
0_43 673528.46924 3937033.52779 15.14164 0 0.02000 0.02000 0.03000
0_44 673539.20263 3937002.34491 15.35143 0 0.02000 0.02000 0.03000
0_45 673540.53061 3937010.54885 15.21635 0 0.02000 0.02000 0.03000
0_46 673652.80532 3937031.01436 22.03009 0 0.02000 0.02000 0.03000
0_47 673659.09871 3937000.49879 36.80690 0 0.02000 0.02000 0.03000
0_48 673725.67424 3936990.26521 47.58955 0 0.02000 0.02000 0.03000
0_49 673695.68521 3937012.66585 33.53595 0 0.02000 0.02000 0.03000
0_50 673767.02131 3936988.04490 44.43275 0 0.02000 0.02000 0.03000
0_51 673750.15254 3937001.09365 39.54039 0 0.02000 0.02000 0.03000
0_52 673829.94376 3937046.71542 11.00184 0 0.02000 0.02000 0.03000
0_53 673830.44179 3937036.60583 10.48767 0 0.02000 0.02000 0.03000
0_54 673278.11646 3937066.94656 18.88413 0 0.02000 0.02000 0.03000
0_55 673286.38456 3937072.72316 18.65123 0 0.02000 0.02000 0.03000
0_56 673405.57031 3937057.25404 8.65112 0 0.02000 0.02000 0.03000
0_57 673366.14997 3937090.40267 14.42467 0 0.02000 0.02000 0.03000
0_58 673457.06187 3937107.10112 14.88137 0 0.02000 0.02000 0.03000
0_59 673424.15081 3937063.46265 8.67581 0 0.02000 0.02000 0.03000
0_60 673521.30781 3937088.25669 13.02417 0 0.02000 0.02000 0.03000
0_61 673523.83796 3937099.76356 12.54032 0 0.02000 0.02000 0.03000
0_62 673540.96787 3937076.06432 14.94853 0 0.02000 0.02000 0.03000
0_63 673552.14490 3937097.49654 13.49098 0 0.02000 0.02000 0.03000
0_64 673664.60693 3937049.92609 16.28756 0 0.02000 0.02000 0.03000
0_65 673629.28523 3937111.73515 14.64010 0 0.02000 0.02000 0.03000
0_66 673715.14681 3937072.03073 9.87109 0 0.02000 0.02000 0.03000
0_67 673692.72727 3937064.71242 16.37781 0 0.02000 0.02000 0.03000
0_68 673747.49850 3937100.44081 16.54122 0 0.02000 0.02000 0.03000
0_69 673752.74315 3937049.11302 10.05726 0 0.02000 0.02000 0.03000
0_70 673808.21059 3937091.15886 17.18417 0 0.02000 0.02000 0.03000
0_71 673285.39220 3937159.99546 21.48488 0 0.02000 0.02000 0.03000
0_72 673321.29990 3937149.51995 19.68598 0 0.02000 0.02000 0.03000
0_73 673381.81500 3937114.62266 14.23063 0 0.02000 0.02000 0.03000
0_74 673343.69105 3937145.96684 16.68119 0 0.02000 0.02000 0.03000
0_75 673409.30461 3937162.57657 15.73987 0 0.02000 0.02000 0.03000
0_76 673441.20992 3937120.97416 14.63770 0 0.02000 0.02000 0.03000
0_77 673507.19713 3937140.12411 15.34904 0 0.02000 0.02000 0.03000
0_78 673494.09136 3937127.02884 13.33053 0 0.02000 0.02000 0.03000
0_79 673540.87226 3937135.71401 9.47142 0 0.02000 0.02000 0.03000
0_80 673552.64926 3937120.93518 11.67795 0 0.02000 0.02000 0.03000
0_81 673630.97999 3937135.14922 9.90757 0 0.02000 0.02000 0.03000
0_82 673622.73494 3937158.05937 15.62716 0 0.02000 0.02000 0.03000
0_83 673678.58183 3937124.74795 13.20777 0 0.02000 0.02000 0.03000
0_84 673725.01294 3937160.52037 16.92805 0 0.02000 0.02000 0.03000
0_85 673761.96619 3937130.92355 17.02619 0 0.02000 0.02000 0.03000
0_86 673784.78244 3937153.84895 17.42331 0 0.02000 0.02000 0.03000
0_87 673833.53654 3937157.98812 17.74061 0 0.02000 0.02000 0.03000
0_88 673811.10739 3937114.54381 17.41530 0 0.02000 0.02000 0.03000
0_89 673382.02724 3937190.13788 18.18332 0 0.02000 0.02000 0.03000
0_90 673476.05288 3937205.51142 17.42685 0 0.02000 0.02000 0.03000
0_91 673537.10360 3937193.98510 16.51173 0 0.02000 0.02000 0.03000
0_92 673601.75574 3937185.95925 16.54413 0 0.02000 0.02000 0.03000
0_93 673648.32537 3937215.35196 17.03676 0 0.02000 0.02000 0.03000
0_94 673679.52262 3937184.91822 16.74404 0 0.02000 0.02000 0.03000
0_95 673705.03722 3937188.31178 17.36775 0 0.02000 0.02000 0.03000
0_96 673778.84379 3937213.46689 18.17161 0 0.02000 0.02000 0.03000
0_97 673851.38335 3937185.73961 17.77470 0 0.02000 0.02000 0.03000
0_98 673838.30840 3937184.43082 17.97102 0 0.02000 0.02000 0.03000
