1_0 673279.01682 3936878.38259 12.59088 3 0.01000 0.01000 0.01200
1_1 673357.19604 3936886.76569 13.59232 3 0.01000 0.01000 0.01200
1_2 673468.11724 3936861.68873 28.13208 3 0.01000 0.01000 0.01200
1_3 673499.51469 3936866.88900 15.37544 3 0.01000 0.01000 0.01200
1_4 673588.61574 3936884.37740 25.87732 3 0.01000 0.01000 0.01200
1_5 673606.96858 3936892.40597 32.86816 3 0.01000 0.01000 0.01200
1_6 673675.79193 3936872.41770 53.08072 3 0.01000 0.01000 0.01200
1_7 673752.68481 3936867.12596 74.66389 3 0.01000 0.01000 0.01200
1_8 673801.82608 3936901.99112 72.45036 3 0.01000 0.01000 0.01200
1_9 673334.27710 3936955.22162 13.29944 3 0.01000 0.01000 0.01200
1_10 673375.44617 3936944.04255 13.67088 3 0.01000 0.01000 0.01200
1_11 673462.36304 3936920.12559 14.59297 3 0.01000 0.01000 0.01200
1_12 673513.49111 3936949.38258 14.78827 3 0.01000 0.01000 0.01200
1_13 673555.63456 3936934.07282 15.64251 3 0.01000 0.01000 0.01200
1_14 673633.29594 3936977.37682 33.40259 3 0.01000 0.01000 0.01200
1_15 673689.61068 3936967.59000 51.29772 3 0.01000 0.01000 0.01200
1_16 673794.60886 3936921.88874 69.89359 3 0.01000 0.01000 0.01200
1_17 673838.00438 3936919.05464 62.11521 3 0.01000 0.01000 0.01200
1_18 673285.68162 3937044.43520 9.42630 3 0.01000 0.01000 0.01200
1_19 673381.47897 3936987.94279 13.74942 3 0.01000 0.01000 0.01200
1_20 673459.40661 3937030.39016 14.47152 3 0.01000 0.01000 0.01200
1_21 673485.87791 3937038.39683 14.66380 3 0.01000 0.01000 0.01200
1_22 673582.11043 3937005.30740 15.76553 3 0.01000 0.01000 0.01200
1_23 673657.67950 3937008.89959 32.71758 3 0.01000 0.01000 0.01200
1_24 673667.11580 3937037.33892 20.42304 3 0.01000 0.01000 0.01200
1_25 673761.22918 3936991.51350 43.44757 3 0.01000 0.01000 0.01200
1_26 673830.14757 3936987.94399 33.90866 3 0.01000 0.01000 0.01200
1_27 673284.09996 3937112.68924 19.15711 3 0.01000 0.01000 0.01200
1_28 673391.05092 3937082.43900 13.71056 3 0.01000 0.01000 0.01200
1_29 673447.36929 3937067.23014 8.76116 3 0.01000 0.01000 0.01200
1_30 673477.68846 3937079.01021 8.86529 3 0.01000 0.01000 0.01200
1_31 673537.69580 3937100.42271 13.65724 3 0.01000 0.01000 0.01200
1_32 673637.01024 3937075.59353 16.04640 3 0.01000 0.01000 0.01200
1_33 673683.37248 3937088.49603 13.51159 3 0.01000 0.01000 0.01200
1_34 673793.84286 3937108.14455 17.22197 3 0.01000 0.01000 0.01200
1_35 673813.97818 3937066.39732 15.89691 3 0.01000 0.01000 0.01200
1_36 673327.19328 3937129.79944 15.86736 3 0.01000 0.01000 0.01200
1_37 673384.89852 3937153.70450 15.35087 3 0.01000 0.01000 0.01200
1_38 673469.33164 3937163.14278 16.13387 3 0.01000 0.01000 0.01200
1_39 673499.69608 3937118.20607 12.44609 3 0.01000 0.01000 0.01200
1_40 673598.83744 3937164.80134 15.89462 3 0.01000 0.01000 0.01200
1_41 673657.35902 3937114.69311 12.22626 3 0.01000 0.01000 0.01200
1_42 673727.36173 3937158.46875 17.00480 3 0.01000 0.01000 0.01200
1_43 673765.74025 3937136.52363 16.97338 3 0.01000 0.01000 0.01200
1_44 673796.74332 3937132.51171 17.30556 3 0.01000 0.01000 0.01200
1_45 673400.20532 3937179.44572 17.76763 3 0.01000 0.01000 0.01200
1_46 673706.21514 3937198.78379 17.40301 3 0.01000 0.01000 0.01200
1_47 673825.36268 3937187.09537 17.89320 3 0.01000 0.01000 0.01200
