id x y z omega phi kappa
DJI_0102.JPG 7424281.944313 5554912.987599 340.840062 0 0 0
DJI_0103.JPG 7424297.338135 5554915.664875 340.740062 0 0 0
DJI_0104.JPG 7424312.402888 5554918.689486 340.640062 0 0 0
DJI_0105.JPG 7424327.636088 5554921.641669 340.740062 0 0 0
DJI_0106.JPG 7424342.854139 5554924.485093 340.640062 0 0 0
DJI_0107.JPG 7424358.016103 5554927.308218 340.740062 0 0 0
DJI_0108.JPG 7424373.241999 5554930.304018 340.740062 0 0 0
DJI_0109.JPG 7424388.357449 5554933.026658 340.740062 0 0 0
DJI_0110.JPG 7424403.598032 5554935.951140 340.740062 0 0 0
DJI_0111.JPG 7424418.701300 5554938.876498 340.640062 0 0 0
DJI_0112.JPG 7424433.886587 5554941.787388 340.740062 0 0 0
DJI_0113.JPG 7424449.110836 5554944.673296 340.640062 0 0 0
DJI_0114.JPG 7424464.269397 5554947.567963 340.640062 0 0 0
DJI_0115.JPG 7424479.467515 5554950.378682 340.640062 0 0 0
DJI_0116.JPG 7424494.689826 5554953.232486 340.640062 0 0 0
DJI_0117.JPG 7424509.979968 5554956.181042 340.640062 0 0 0
DJI_0118.JPG 7424525.074108 5554959.076792 340.640062 0 0 0
DJI_0119.JPG 7424540.277855 5554961.936549 340.640062 0 0 0
DJI_0120.JPG 7424555.409722 5554964.771780 340.740062 0 0 0
DJI_0121.JPG 7424570.625331 5554967.663715 340.640062 0 0 0
DJI_0122.JPG 7424585.887216 5554970.592862 340.740062 0 0 0
DJI_0123.JPG 7424601.026386 5554973.543809 340.540062 0 0 0
DJI_0124.JPG 7424616.230432 5554976.279186 340.640062 0 0 0
DJI_0125.JPG 7424631.407430 5554979.227460 340.640062 0 0 0
DJI_0126.JPG 7424646.547484 5554982.092866 340.640062 0 0 0
DJI_0127.JPG 7424661.890392 5554984.942103 340.640062 0 0 0
DJI_0128.JPG 7424677.016142 5554987.810022 340.640062 0 0 0
DJI_0129.JPG 7424692.130049 5554990.701511 340.640062 0 0 0
DJI_0130.JPG 7424707.356878 5554993.589224 340.740062 0 0 0
DJI_0131.JPG 7424722.585449 5554996.500317 340.740062 0 0 0
DJI_0132.JPG 7424737.767176 5554999.336470 340.640062 0 0 0
DJI_0133.JPG 7424752.943382 5555002.289546 340.640062 0 0 0
DJI_0134.JPG 7424768.139938 5555005.165622 340.640062 0 0 0
DJI_0135.JPG 7424766.902400 5555012.599551 340.640062 0 0 0
DJI_0136.JPG 7424751.641241 5555009.654307 340.640062 0 0 0
DJI_0137.JPG 7424736.492937 5555006.802071 340.540062 0 0 0
DJI_0138.JPG 7424721.218678 5555003.792579 340.640062 0 0 0
DJI_0139.JPG 7424705.988560 5555001.023901 340.640062 0 0 0
DJI_0140.JPG 7424690.783083 5554998.178162 340.540062 0 0 0
DJI_0141.JPG 7424675.702409 5554995.258398 340.440062 0 0 0
DJI_0142.JPG 7424660.526873 5554992.357814 340.440062 0 0 0
DJI_0143.JPG 7424645.247761 5554989.517692 340.440062 0 0 0
DJI_0144.JPG 7424630.038742 5554986.628791 340.540062 0 0 0
DJI_0145.JPG 7424614.820152 5554983.772327 340.440062 0 0 0
DJI_0146.JPG 7424599.719629 5554980.820796 340.540062 0 0 0
DJI_0147.JPG 7424584.470550 5554978.036044 340.540062 0 0 0
DJI_0148.JPG 7424569.301572 5554975.101139 340.440062 0 0 0
DJI_0149.JPG 7424554.111536 5554972.296727 340.540062 0 0 0
DJI_0150.JPG 7424538.992212 5554969.335620 340.640062 0 0 0
DJI_0151.JPG 7424523.736785 5554966.461023 340.540062 0 0 0
DJI_0152.JPG 7424508.573169 5554963.657479 340.440062 0 0 0
DJI_0153.JPG 7424493.404749 5554960.768389 340.540062 0 0 0
DJI_0154.JPG 7424478.071192 5554957.885015 340.640062 0 0 0
DJI_0155.JPG 7424462.979041 5554955.081700 340.540062 0 0 0
DJI_0156.JPG 7424447.933714 5554952.152061 340.640062 0 0 0
DJI_0157.JPG 7424432.809656 5554949.219130 340.440062 0 0 0
DJI_0158.JPG 7424417.516234 5554946.296426 340.440062 0 0 0
DJI_0159.JPG 7424402.211058 5554943.454026 340.440062 0 0 0
DJI_0160.JPG 7424387.106389 5554940.581018 340.540062 0 0 0
DJI_0161.JPG 7424371.870578 5554937.639829 340.440062 0 0 0
DJI_0162.JPG 7424356.642134 5554934.866553 340.640062 0 0 0
DJI_0163.JPG 7424341.595465 5554932.052922 340.640062 0 0 0
DJI_0164.JPG 7424326.321748 5554929.014506 340.640062 0 0 0
DJI_0165.JPG 7424311.160411 5554926.135841 340.640062 0 0 0
DJI_0166.JPG 7424295.944285 5554923.278018 340.640062 0 0 0
DJI_0167.JPG 7424280.668475 5554920.297607 340.440062 0 0 0
DJI_0168.JPG 7424279.174089 5554927.577343 340.640062 0 0 0
DJI_0169.JPG 7424294.235046 5554930.537436 340.640062 0 0 0
DJI_0170.JPG 7424309.558940 5554933.431547 340.540062 0 0 0
DJI_0171.JPG 7424324.773057 5554936.301673 340.540062 0 0 0
DJI_0172.JPG 7424339.956438 5554939.224561 340.640062 0 0 0
DJI_0173.JPG 7424355.058721 5554942.128617 340.740062 0 0 0
DJI_0174.JPG 7424370.329041 5554944.931329 340.640062 0 0 0
DJI_0175.JPG 7424385.491776 5554947.864650 340.740062 0 0 0
DJI_0176.JPG 7424400.734170 5554950.717903 340.640062 0 0 0
DJI_0177.JPG 7424415.921791 5554953.593110 340.640062 0 0 0
DJI_0178.JPG 7424431.081087 5554956.539957 340.640062 0 0 0
DJI_0179.JPG 7424446.218686 5554959.420408 340.640062 0 0 0
DJI_0180.JPG 7424461.518643 5554962.252995 340.640062 0 0 0
DJI_0181.JPG 7424476.739928 5554965.238027 340.640062 0 0 0
DJI_0182.JPG 7424491.927045 5554968.134592 340.640062 0 0 0
DJI_0183.JPG 7424507.039799 5554970.932134 340.640062 0 0 0
DJI_0184.JPG 7424522.247335 5554973.808472 340.640062 0 0 0
DJI_0185.JPG 7424537.397023 5554976.641175 340.640062 0 0 0
DJI_0186.JPG 7424552.549342 5554979.509480 340.640062 0 0 0
DJI_0187.JPG 7424567.897257 5554982.455157 340.640062 0 0 0
DJI_0188.JPG 7424583.050815 5554985.312407 340.740062 0 0 0
DJI_0189.JPG 7424598.196152 5554988.196513 340.640062 0 0 0
DJI_0190.JPG 7424613.462575 5554991.097862 340.740062 0 0 0
DJI_0191.JPG 7424628.520961 5554994.005530 340.740062 0 0 0
DJI_0192.JPG 7424643.682102 5554996.898440 340.540062 0 0 0
DJI_0193.JPG 7424659.045210 5554999.762956 340.640062 0 0 0
DJI_0194.JPG 7424674.254530 5555002.525119 340.640062 0 0 0
DJI_0195.JPG 7424689.431199 5555005.457986 340.640062 0 0 0
DJI_0196.JPG 7424704.642793 5555008.282498 340.640062 0 0 0
DJI_0197.JPG 7424719.655708 5555011.218873 340.740062 0 0 0
DJI_0198.JPG 7424734.901789 5555014.158676 340.740062 0 0 0
DJI_0199.JPG 7424750.059697 5555017.034132 340.640062 0 0 0
DJI_0200.JPG 7424765.283421 5555019.963212 340.740062 0 0 0
