0_0
0_2 -2188.8759 -545.4392 1
0_3 -2157.1960 866.6245 1
0_4 -2782.9280 -1904.4490 1
0_5 -2514.9243 -818.4806 1
0_18 -277.3997 1142.6901 1
0_20 -955.7317 674.3864 1
0_21 -305.0807 49.8607 1
0_22 -631.7456 -822.1429 1
0_23 -352.7677 -1724.9005 1
0_37 1106.9451 36.1833 1
0_38 729.3360 -270.4327 1
0_39 451.0736 -837.8136 1
0_40 1482.3972 -945.6989 1
0_55 2455.1759 -364.6952 1
0_56 2732.4297 419.6368 1
1_1 -2594.8530 118.6329 1
1_9 -933.8116 1294.7323 1
1_10 -792.8453 -21.0770 1
1_17 1084.4985 1227.9556 1
1_18 1122.7881 515.2228 1
1_19 1262.4615 -1229.0339 1
1_26 2743.4148 1894.9440 1
1_27 2450.1344 208.5255 1
2_0 -2538.4162 559.2433 1
2_1 -2197.7453 -1473.9094 1
2_6 963.8305 1419.7902 1
2_7 793.9014 -1756.9309 1
2_13 1924.9006 -1167.3251 1
0_1
0_2 -2154.5921 220.5817 1
0_3 -2123.4046 1628.9273 1
0_4 -2747.7806 -1097.7782 1
0_5 -2480.8005 -35.1708 1
0_18 -244.5972 1904.4675 1
0_20 -922.5522 1437.5276 1
0_21 -273.0261 813.5661 1
0_22 -599.1759 -57.3834 1
0_23 -318.8717 -959.5593 1
0_37 1140.8691 798.8568 1
0_38 762.6506 492.6765 1
0_39 484.2948 -72.9563 1
0_40 1514.7972 -181.6689 1
0_41 84.8357 -1904.1502 1
0_55 2487.7223 395.9527 1
0_56 2765.7159 1185.6019 1
0_57 2174.5181 -1311.2177 1
0_58 2546.5738 -1256.2336 1
1_1 -2562.0344 884.6265 1
1_10 -759.1845 742.1331 1
1_11 -1369.1119 -1558.2104 1
1_17 1118.1668 1991.2016 1
1_18 1155.0317 1278.0445 1
1_19 1296.0237 -462.3138 1
1_27 2483.1658 970.2903 1
2_0 -2505.0712 1320.6262 1
2_1 -2164.1060 -690.2225 1
2_2 -733.5336 -1840.0380 1
2_7 828.0739 -991.3740 1
2_13 1956.9887 -422.7314 1
0_2
0_2 -2122.1664 987.5557 1
0_4 -2713.2958 -290.8186 1
0_5 -2445.5684 748.2334 1
0_7 -2891.3473 -1439.2788 1
0_21 -238.9617 1576.5952 1
0_22 -567.0094 706.5763 1
0_23 -286.8344 -194.6121 1
0_25 -1402.9030 -1310.6558 1
0_37 1173.4212 1563.9709 1
0_38 795.0148 1256.1087 1
0_39 517.2307 691.5209 1
0_40 1547.9787 582.6087 1
0_41 118.0758 -1136.4259 1
0_55 2520.3287 1156.7379 1
0_56 2799.4452 1952.3314 1
0_57 2207.8955 -565.5179 1
0_58 2579.5735 -500.9674 1
0_59 2888.9371 -1770.1661 1
1_1 -2527.8712 1650.7287 1
1_3 -2152.4233 -1587.1962 1
1_10 -724.8367 1506.0922 1
1_11 -1336.8836 -792.8995 1
1_12 -1123.8772 -1553.2248 1
1_19 1328.4588 303.9036 1
1_27 2515.9785 1732.1404 1
1_29 2680.7880 -1557.7589 1
2_1 -2128.9049 93.5834 1
2_2 -700.0583 -1075.1234 1
2_7 861.7372 -223.7372 1
2_13 1990.2143 323.5122 1
2_14 2387.1046 -1783.4126 1
0_3
0_2 -2087.3125 1752.1905 1
0_4 -2677.7797 516.3795 1
0_5 -2412.3125 1532.0324 1
0_6 -1973.2374 -1251.8068 1
0_7 -2857.5961 -669.1471 1
0_22 -533.0378 1471.0005 1
0_23 -252.0867 570.0423 1
0_24 -1381.6397 -1396.7085 1
0_25 -1369.6578 -543.5420 1
0_27 35.4406 -1905.1716 1
0_39 551.4517 1457.0149 1
0_40 1581.8607 1347.2782 1
0_41 152.5220 -367.8525 1
0_42 1071.9303 -1381.6522 1
0_55 2553.7126 1917.2835 1
0_57 2240.8467 178.3742 1
0_58 2612.9948 254.6851 1
0_59 2920.4573 -1025.3425 1
0_60 2059.0516 -1829.1255 1
1_3 -2118.4865 -819.3499 1
1_11 -1303.2802 -25.6996 1
1_12 -1091.1836 -786.9134 1
1_19 1362.0938 1069.2585 1
1_20 1432.7736 -1787.1645 1
1_29 2713.6685 -812.4130 1
2_1 -2095.5237 877.2100 1
2_2 -667.1271 -308.1573 1
2_7 895.3483 541.0889 1
2_13 2022.3550 1068.0235 1
2_14 2421.0499 -1012.5304 1
0_4
0_4 -2642.0649 1322.5711 1
0_6 -1940.0527 -483.5510 1
0_7 -2824.1099 100.1838 1
0_9 -2840.0259 -1598.0253 1
0_23 -219.4739 1335.2227 1
0_24 -1349.0325 -627.6251 1
0_25 -1335.1524 222.6747 1
0_27 69.2858 -1135.5092 1
0_41 185.3336 398.9840 1
0_42 1106.2061 -614.0743 1
0_43 590.6007 -1324.7049 1
0_44 366.5269 -1658.3776 1
0_57 2273.0030 922.8558 1
0_58 2645.2126 1009.4162 1
0_59 2953.1520 -279.9416 1
0_60 2091.1874 -1060.2793 1
1_3 -2085.6368 -51.5337 1
1_4 -2559.6009 -1673.1687 1
1_11 -1269.1047 740.0450 1
1_12 -1057.9987 -20.2857 1
1_19 1396.0826 1834.6562 1
1_20 1467.4117 -1017.6434 1
1_29 2745.4963 -66.8025 1
1_30 2458.2556 -1565.6208 1
2_1 -2060.9865 1660.9603 1
2_2 -632.9424 458.4166 1
2_7 928.7747 1306.3093 1
2_8 -501.1343 -1536.0033 1
2_13 2055.4872 1813.1959 1
2_14 2453.7059 -241.5426 1
0_5
0_6 -1905.7553 285.7992 1
0_7 -2790.5978 869.9627 1
0_9 -2804.8571 -823.7154 1
0_24 -1313.6827 141.2931 1
0_25 -1301.7988 990.1659 1
0_26 -466.5885 -1612.0807 1
0_27 102.8219 -366.0214 1
0_41 218.6785 1165.6814 1
0_42 1140.8448 154.5838 1
0_43 624.3735 -555.9901 1
0_44 399.6951 -886.2398 1
0_57 2305.1272 1667.9652 1
0_58 2678.5319 1764.6190 1
0_59 2985.9640 465.4085 1
0_60 2125.9709 -290.5764 1
1_3 -2052.0438 717.6027 1
1_4 -2526.4118 -897.2454 1
1_11 -1235.0243 1507.0029 1
1_12 -1024.5815 747.9810 1
1_13 -861.6858 -1948.7083 1
1_20 1501.4516 -248.7869 1
1_21 935.5561 -1388.1506 1
1_29 2777.7941 677.9540 1
1_30 2491.0547 -796.1215 1
2_2 -598.9784 1224.4270 1
2_8 -467.9954 -765.1347 1
2_14 2487.9958 527.2101 1
2_15 2279.7631 -1783.7400 1
0_6
0_6 -1873.0473 1054.6896 1
0_7 -2757.5717 1640.2591 1
0_9 -2771.3417 -48.8529 1
0_24 -1281.1855 909.6992 1
0_25 -1268.8898 1758.7986 1
0_26 -432.2546 -792.9742 1
0_27 136.1533 404.2234 1
0_41 252.4782 1933.6165 1
0_42 1173.6110 923.5506 1
0_43 657.4955 214.7606 1
0_44 434.1422 -114.4077 1
0_60 2160.3584 477.5698 1
1_3 -2018.4972 1485.0985 1
1_4 -2491.7864 -120.3318 1
1_12 -990.7352 1514.1906 1
1_13 -825.8132 -1105.2268 1
1_20 1534.2069 519.5231 1
1_21 969.4511 -616.8067 1
1_29 2810.1952 1423.7886 1
1_30 2524.0403 -28.2963 1
2_2 -565.6710 1990.7083 1
2_8 -433.3265 5.9617 1
2_9 1666.0322 -1408.3145 1
2_14 2520.8686 1299.0922 1
2_15 2313.4805 -1013.5978 1
0_7
0_6 -1840.2482 1823.0603 1
0_9 -2737.1767 726.1662 1
0_24 -1247.2773 1678.3831 1
0_26 -395.9780 25.3037 1
0_27 170.3898 1174.4869 1
0_28 -1521.7115 -1121.4653 1
0_42 1206.5277 1691.9986 1
0_43 690.6989 984.2545 1
0_44 468.3522 657.5731 1
0_46 1239.9257 -1360.9733 1
0_60 2192.8604 1246.3499 1
1_4 -2457.9697 655.6999 1
1_5 -2597.1726 -1996.2691 1
1_13 -789.0209 -262.6455 1
1_14 -1102.8797 -1863.1559 1
1_20 1568.4050 1287.9067 1
1_21 1003.2570 155.3841 1
1_22 1658.8748 -1692.8120 1
1_30 2558.6992 741.1653 1
1_31 1846.3950 -1531.7202 1
2_3 -2836.4583 -1466.0857 1
2_8 -400.5790 776.5335 1
2_9 1700.5035 -634.1585 1
2_15 2347.3090 -242.8707 1
0_8
0_9 -2703.8578 1500.0217 1
0_26 -360.3695 844.5067 1
0_27 203.9562 1943.9844 1
0_28 -1481.4527 -227.0222 1
0_29 -674.0392 -1462.0615 1
0_43 724.8316 1754.0248 1
0_44 500.4719 1429.4321 1
0_45 397.2143 -1477.7771 1
0_46 1273.4791 -569.1616 1
0_63 1796.7410 -1280.9066 1
1_4 -2424.0810 1431.7721 1
1_5 -2557.3465 -1074.5812 1
1_13 -752.1085 580.7976 1
1_14 -1062.9016 -949.3425 1
1_21 1036.0079 927.1959 1
1_22 1692.7396 -919.2573 1
1_30 2592.5969 1510.0661 1
1_31 1880.5761 -759.3303 1
2_3 -2797.3534 -567.8099 1
2_8 -366.5835 1548.4666 1
2_9 1733.0066 137.0377 1
2_15 2381.7491 527.5339 1
0_9
0_26 -323.8046 1662.4320 1
0_28 -1443.0508 667.2516 1
0_29 -633.2266 -540.0022 1
0_30 -524.6095 -1309.2709 1
0_31 -1368.0989 -1297.4710 1
0_45 435.2266 -595.6674 1
0_46 1308.8672 222.3473 1
0_47 790.3948 -1546.6845 1
0_63 1829.4769 -507.3413 1
0_65 2144.8994 -1787.2955 1
1_5 -2517.0469 -151.5607 1
1_13 -715.2421 1423.4115 1
1_14 -1022.3062 -36.0033 1
1_21 1071.4616 1697.8300 1
1_22 1727.1879 -146.6002 1
1_31 1914.3220 13.0537 1
1_32 1959.5817 -1770.0003 1
2_3 -2759.5529 332.2172 1
2_4 -1090.1127 -1423.8443 1
2_9 1767.1243 908.4050 1
2_15 2415.4105 1296.7341 1
0_10
0_28 -1404.9157 1561.0809 1
0_29 -593.9514 382.9656 1
0_30 -482.8483 -362.1432 1
0_31 -1325.8815 -326.0443 1
0_45 474.2334 288.4578 1
0_46 1342.2189 1013.0721 1
0_47 827.8770 -686.8454 1
0_48 688.1060 -1144.7581 1
0_50 1161.4493 -1948.2076 1
0_63 1863.3538 266.3793 1
0_65 2177.0886 -1037.4544 1
0_66 2926.3264 -1431.0531 1
1_5 -2476.8008 771.0107 1
1_14 -982.8113 878.2336 1
1_15 -1694.9521 -1354.8555 1
1_22 1760.4262 627.4302 1
1_23 1041.0797 -1274.0088 1
1_31 1948.5651 786.2205 1
1_32 1992.5914 -994.5478 1
2_3 -2719.3193 1230.7049 1
2_4 -1047.2263 -456.4040 1
2_9 1800.8025 1681.0089 1
2_10 -228.6270 -1144.9992 1
0_11
0_13 -2970.1055 427.8908 1
0_29 -553.3821 1304.0993 1
0_30 -441.9362 585.0271 1
0_31 -1282.6069 645.8339 1
0_33 -855.4816 -1723.6149 1
0_45 512.3141 1171.3544 1
0_46 1377.7897 1804.7425 1
0_47 865.6776 172.5082 1
0_48 726.3759 -267.0284 1
0_49 942.6654 -1204.8465 1
0_50 1194.7970 -1165.0953 1
0_63 1897.6477 1038.4552 1
0_65 2210.5281 -284.6594 1
0_66 2961.2907 -655.0953 1
1_5 -2436.8936 1692.9559 1
1_14 -943.2595 1792.0239 1
1_15 -1650.3698 -342.6982 1
1_22 1794.4553 1399.7065 1
1_23 1078.7436 -433.8919 1
1_31 1981.5245 1558.3786 1
1_32 2027.1893 -220.9498 1
2_4 -1005.8167 511.3425 1
2_10 -186.5652 -192.2452 1
0_12
0_13 -2926.9305 1413.6202 1
0_30 -399.6835 1533.7126 1
0_31 -1240.7709 1617.3451 1
0_32 -988.5217 -1317.4187 1
0_33 -811.1363 -706.9813 1
0_47 904.0152 1031.8994 1
0_48 765.0419 611.0002 1
0_49 980.0489 -371.9307 1
0_50 1229.1332 -383.0171 1
0_52 951.2816 -1905.8068 1
0_63 1931.9415 1813.4968 1
0_65 2242.2878 467.0231 1
0_66 2994.2260 121.9352 1
0_68 2455.7168 -1596.9448 1
1_7 -2381.5807 -1875.2595 1
1_15 -1607.7826 668.6311 1
1_16 -548.7442 -1391.6126 1
1_23 1114.3943 407.7501 1
1_24 1251.6637 -1353.5176 1
1_32 2059.7286 553.3178 1
1_33 2579.6370 -1275.0604 1
1_34 1930.2073 -1952.3837 1
2_4 -963.8598 1478.6910 1
2_10 -143.8113 761.4371 1
2_11 -580.0183 -1558.8789 1
0_13
0_32 -943.9165 -293.6156 1
0_33 -767.3668 309.6551 1
0_47 939.6589 1891.3029 1
0_48 803.1501 1488.9865 1
0_49 1015.6238 462.1095 1
0_50 1263.3456 400.5811 1
0_52 985.0377 -1118.6424 1
0_65 2275.6633 1218.9388 1
0_68 2489.5055 -818.7660 1
1_7 -2334.8769 -799.1983 1
1_15 -1562.0950 1680.0281 1
1_16 -505.5006 -401.1224 1
1_23 1151.4060 1247.9049 1
1_24 1285.6427 -582.2044 1
1_32 2093.6269 1327.5276 1
1_33 2612.7791 -497.3060 1
1_34 1962.9601 -1183.1330 1
2_10 -103.9581 1713.2932 1
2_11 -536.9526 -573.0615 1
0_100
0_18 1625.8204 -1090.2937 1
0_20 2271.8489 -577.0083 1
0_21 1582.1827 2.9347 1
0_22 1849.9540 893.7026 1
0_23 1510.0185 1775.4679 1
0_37 171.5356 -80.4128 1
0_38 528.5171 252.6324 1
0_39 768.2973 835.6879 1
0_40 -267.6002 872.8301 1
0_55 -1204.9389 228.3526 1
0_56 -1420.4224 -574.2450 1
0_57 -1034.9927 1936.2801 1
0_58 -1385.6624 1866.5478 1
0_72 -2241.4237 -1396.8848 1
0_73 -2667.1934 585.8009 1
1_9 2289.6813 -1197.4817 1
1_10 2062.5225 105.4216 1
1_17 274.1998 -1268.5657 1
1_18 189.3149 -559.3506 1
1_19 -65.9056 1171.6432 1
1_27 -1160.7436 -343.3061 1
1_35 -2856.7488 -1328.3643 1
2_6 407.9247 -1452.0094 1
2_7 364.2935 1729.5299 1
2_12 -1861.0387 -546.8624 1
2_13 -757.7480 1064.6090 1
0_101
0_18 1644.0686 -1853.0152 1
0_20 2289.2984 -1340.3126 1
0_21 1600.3276 -761.5816 1
0_22 1868.8656 128.6562 1
0_23 1528.9084 1010.1042 1
0_37 191.4284 -844.5608 1
0_38 547.7150 -511.7301 1
0_39 787.8807 71.0152 1
0_40 -248.8597 108.2798 1
0_41 1065.3692 1923.4354 1
0_55 -1185.6273 -532.5878 1
0_56 -1401.3523 -1340.6352 1
0_57 -1018.0152 1190.1629 1
0_58 -1367.3544 1110.2879 1
0_73 -2649.0034 -183.6862 1
0_78 -2408.1215 1985.0365 1
1_9 2308.7584 -1959.7542 1
1_10 2080.5824 -658.0084 1
1_11 2539.7901 1679.4005 1
1_18 207.5802 -1323.1574 1
1_19 -47.1723 404.7490 1
1_27 -1142.2697 -1106.6199 1
1_28 -2034.5827 1399.8059 1
2_2 1884.4638 1918.2905 1
2_7 382.5613 963.8578 1
2_12 -1841.3129 -1315.0390 1
2_13 -737.7752 318.7125 1
0_102
0_21 1618.5103 -1524.4336 1
0_22 1887.1140 -635.4388 1
0_23 1547.8183 245.8346 1
0_25 2589.3924 1435.4098 1
0_37 209.3811 -1608.8477 1
0_38 565.6998 -1277.4849 1
0_39 806.4042 -694.0254 1
0_40 -230.9467 -654.8105 1
0_41 1084.7705 1156.4914 1
0_55 -1168.7952 -1293.3463 1
0_57 -999.6209 445.3232 1
0_58 -1348.7768 355.2793 1
0_59 -1758.2762 1599.5573 1
0_73 -2630.1021 -950.2138 1
0_78 -2388.9777 1219.0645 1
1_10 2100.2661 -1422.5200 1
1_11 2559.1242 912.4439 1
1_12 2295.0911 1658.0545 1
1_19 -27.5270 -360.8197 1
1_27 -1123.5006 -1867.2344 1
1_28 -2014.7132 630.1595 1
1_29 -1538.0849 1401.8053 1
2_2 1902.4822 1150.4573 1
2_7 400.9698 196.7381 1
2_13 -720.5597 -427.3975 1
2_14 -1216.9274 1647.9287 1
0_103
0_22 1905.1432 -1400.2104 1
0_23 1565.7718 -521.4404 1
0_24 2565.9902 1518.0834 1
0_25 2609.1046 668.1845 1
0_27 1119.0429 1930.5532 1
0_39 824.5547 -1459.6155 1
0_40 -211.9639 -1420.4206 1
0_41 1102.9700 388.6662 1
0_42 117.1445 1337.6351 1
0_57 -980.0300 -300.1417 1
0_58 -1329.7882 -400.1971 1
0_59 -1740.7801 853.5722 1
0_60 -896.7689 1716.4300 1
0_73 -2612.4067 -1717.7387 1
0_78 -2370.2868 454.2627 1
0_80 -2643.3327 1855.9561 1
1_11 2575.3871 147.3589 1
1_12 2315.0941 890.4593 1
1_19 -8.3907 -1127.6539 1
1_20 -269.1222 1716.2192 1
1_28 -1995.6702 -137.0250 1
1_29 -1517.7374 656.3925 1
1_38 -2539.8069 1420.8169 1
2_2 1921.3695 384.6440 1
2_7 421.0633 -569.1749 1
2_13 -701.7224 -1173.2165 1
2_14 -1199.5117 876.6975 1
0_104
0_23 1584.9033 -1287.0353 1
0_24 2584.1468 749.3362 1
0_25 2628.6485 -99.8717 1
0_27 1138.7185 1159.7211 1
0_41 1121.5086 -378.8679 1
0_42 136.6652 568.0167 1
0_43 605.4042 1313.6988 1
0_44 807.5349 1661.3114 1
0_57 -963.3268 -1044.8045 1
0_58 -1311.0571 -1156.1258 1
0_59 -1722.4655 107.7026 1
0_60 -877.6159 946.7117 1
0_62 -2065.2717 1353.7385 1
0_78 -2352.1531 -310.5734 1
0_80 -2624.6103 1110.0489 1
1_11 2595.0139 -620.6641 1
1_12 2333.6262 122.9406 1
1_19 9.7909 -1894.7270 1
1_20 -250.7147 947.1774 1
1_28 -1976.7556 -906.2638 1
1_29 -1500.1623 -88.6898 1
1_30 -1276.6287 1425.8577 1
1_38 -2521.4719 669.5183 1
2_2 1940.3277 -384.3572 1
2_7 439.2022 -1336.1948 1
2_8 1680.8147 1598.0908 1
2_13 -683.3788 -1919.9177 1
2_14 -1180.0820 106.6081 1
0_105
0_24 2603.5194 -20.3667 1
0_25 2646.6856 -868.5739 1
0_26 1721.8723 1673.5710 1
0_27 1156.9247 389.0272 1
0_41 1140.8921 -1147.0676 1
0_42 154.4927 -201.6566 1
0_43 624.2474 543.3037 1
0_44 827.8274 887.2577 1
0_57 -944.1690 -1790.1269 1
0_58 -1293.4981 -1912.4558 1
0_59 -1704.2782 -636.1677 1
0_60 -858.7323 176.7835 1
0_61 -2000.5927 1679.5696 1
0_62 -2047.9666 590.4313 1
0_78 -2333.3808 -1076.0027 1
0_80 -2606.9872 364.1807 1
1_11 2614.5013 -1387.8881 1
1_12 2352.5729 -644.6819 1
1_20 -231.9794 178.7419 1
1_21 257.4821 1352.4685 1
1_28 -1958.8619 -1674.3669 1
1_29 -1482.5029 -835.0349 1
1_30 -1257.6600 656.0449 1
1_38 -2503.1078 -81.1754 1
2_2 1958.8158 -1150.3573 1
2_8 1700.0385 826.5198 1
2_14 -1161.3397 -664.6128 1
2_15 -1111.4789 1656.4021 1
0_106
0_24 2622.1779 -789.1001 1
0_25 2665.6349 -1636.2760 1
0_26 1741.2306 854.4462 1
0_27 1176.0940 -380.6221 1
0_41 1159.6409 -1915.3114 1
0_42 173.9357 -970.0978 1
0_43 642.5652 -227.6169 1
0_44 845.8259 115.5404 1
0_59 -1685.5264 -1382.9742 1
0_60 -839.5017 -591.9225 1
0_61 -1980.9255 913.7063 1
0_62 -2028.3450 -172.7620 1
0_78 -2314.4212 -1841.2555 1
0_80 -2588.2712 -381.9658 1
0_81 -2207.4276 1354.9237 1
1_12 2370.1994 -1412.7890 1
1_13 2153.8261 1194.1789 1
1_20 -214.6989 -591.0516 1
1_21 277.6924 581.0808 1
1_29 -1464.2199 -1581.0633 1
1_30 -1238.8251 -112.7334 1
1_38 -2485.3774 -833.8830 1
2_2 1978.4346 -1916.9192 1
2_8 1718.4717 54.2073 1
2_9 -470.5714 1322.2841 1
2_14 -1143.7166 -1436.4377 1
2_15 -1092.6181 885.8243 1
0_107
0_24 2640.5831 -1558.3134 1
0_26 1762.3671 34.3883 1
0_27 1194.3459 -1152.4785 1
0_28 2932.1467 1258.1519 1
0_42 192.3064 -1739.0235 1
0_43 661.2742 -997.6334 1
0_44 864.7478 -656.6276 1
0_46 -8.4632 1307.1352 1
0_60 -821.5407 -1360.9478 1
0_61 -1962.9136 148.4212 1
0_62 -2010.1964 -936.2043 1
0_63 -608.3172 1960.9543 1
0_64 -1838.9659 1314.1521 1
0_80 -2569.2597 -1128.0307 1
0_81 -2188.7133 588.9137 1
1_13 2174.2337 350.6308 1
1_14 2497.7798 1971.7243 1
1_20 -195.3185 -1360.2015 1
1_21 295.9724 -191.3126 1
1_22 -481.1138 1607.9960 1
1_30 -1220.0145 -882.1790 1
1_31 -658.6011 1434.5720 1
1_38 -2466.0878 -1584.7541 1
2_8 1737.6508 -717.0796 1
2_9 -450.9284 549.6515 1
2_15 -1074.6803 114.7025 1
0_108
0_26 1782.6509 -785.0598 1
0_27 1213.3800 -1923.2326 1
0_28 2953.9497 364.3111 1
0_29 2110.2126 1540.9325 1
0_43 680.1464 -1767.9708 1
0_44 884.3671 -1428.7359 1
0_45 976.9715 1484.2479 1
0_46 11.6164 513.5972 1
0_61 -1943.3283 -616.4980 1
0_62 -1991.6688 -1700.4264 1
0_63 -589.3529 1187.9155 1
0_64 -1819.4718 544.6557 1
0_80 -2551.3358 -1873.8893 1
0_81 -2170.4181 -178.3140 1
1_13 2195.5496 -493.5833 1
1_14 2519.9427 1056.7400 1
1_21 313.7326 -963.1442 1
1_22 -462.1836 834.1676 1
1_30 -1201.2581 -1652.0245 1
1_31 -639.1991 660.9974 1
2_8 1756.4945 -1488.5845 1
2_9 -432.6167 -222.6514 1
2_15 -1054.5718 -657.2848 1
0_109
0_26 1803.2148 -1604.7132 1
0_28 2976.9920 -530.3912 1
0_29 2132.8347 619.4022 1
0_30 2013.3202 1380.6069 1
0_31 2896.7196 1426.9447 1
0_45 997.6151 600.2423 1
0_46 30.0989 -277.5089 1
0_47 539.9904 1524.5789 1
0_61 -1925.2479 -1382.2876 1
0_63 -570.7120 413.3758 1
0_64 -1801.7071 -227.1209 1
0_65 -1008.0338 1668.3003 1
0_81 -2152.8054 -944.6237 1
0_84 -2603.6823 1858.0271 1
1_13 2215.8948 -1336.5090 1
1_14 2542.4953 142.3506 1
1_21 333.1697 -1735.8147 1
1_22 -442.0731 60.3191 1
1_31 -620.4498 -112.6530 1
1_32 -782.9868 1664.2573 1
2_4 2604.4996 1534.4051 1
2_9 -413.5294 -995.9577 1
2_15 -1034.8238 -1428.5198 1
0_110
0_28 2998.7173 -1425.5322 1
0_29 2155.6337 -303.5362 1
0_30 2036.9695 432.8231 1
0_31 2921.7219 454.4059 1
0_45 1020.0772 -283.0757 1
0_46 49.1472 -1069.8994 1
0_47 562.2741 663.4251 1
0_48 699.3638 1131.1678 1
0_50 14.6180 1897.6480 1
0_63 -551.8313 -360.3367 1
0_64 -1782.7052 -995.6275 1
0_65 -989.5524 915.6726 1
0_66 -1722.9494 1260.8456 1
0_67 -1990.3469 1718.0812 1
0_81 -2132.2692 -1710.3546 1
0_84 -2584.5287 1082.7930 1
1_14 2565.6259 -772.6328 1
1_22 -424.6961 -714.0855 1
1_23 278.1257 1234.4143 1
1_31 -601.3085 -885.9488 1
1_32 -764.9871 889.1350 1
2_4 2629.1794 566.0789 1
2_9 -394.2637 -1768.2666 1
2_10 1737.3631 1195.8732 1
0_111
0_29 2178.2119 -1226.3218 1
0_30 2060.1026 -514.7654 1
0_31 2945.3628 -517.0802 1
0_33 2432.3660 1819.6073 1
0_45 1041.7531 -1167.6366 1
0_46 68.8398 -1861.7133 1
0_47 581.2766 -196.4962 1
0_48 721.3395 252.9184 1
0_49 366.6912 1170.8448 1
0_50 33.9281 1112.8428 1
0_63 -532.6398 -1133.9618 1
0_64 -1763.8621 -1765.7097 1
0_65 -970.5194 164.2516 1
0_66 -1703.6656 483.1990 1
0_67 -1971.7094 942.5580 1
0_84 -2565.6838 306.5646 1
1_14 2587.4337 -1686.4444 1
1_22 -404.7440 -1487.3531 1
1_23 296.7771 392.5387 1
1_31 -582.2896 -1659.9556 1
1_32 -746.4459 114.7521 1
1_33 -1381.8336 1906.2029 1
2_4 2651.2241 -402.5018 1
2_10 1762.3290 241.9703 1
2_16 -2899.1467 1686.4382 1
0_112
0_30 2083.8326 -1463.9985 1
0_31 2968.2064 -1490.1022 1
0_32 2602.2819 1422.1542 1
0_33 2457.5264 801.8607 1
0_47 602.4079 -1055.6588 1
0_48 742.5898 -624.9414 1
0_49 387.1719 337.6988 1
0_50 53.2734 329.5664 1
0_52 233.6080 1868.6129 1
0_63 -513.7431 -1909.0093 1
0_65 -951.9877 -588.4212 1
0_66 -1684.5794 -294.5655 1
0_67 -1953.3138 168.2051 1
0_68 -1260.6473 1456.6287 1
0_84 -2546.9717 -469.5411 1
1_16 2104.3492 1465.0191 1
1_23 318.6159 -447.5564 1
1_24 -56.3286 1296.0146 1
1_32 -727.2373 -659.8854 1
1_33 -1363.0754 1128.1173 1
1_34 -772.4790 1849.2140 1
2_4 2675.1872 -1370.3137 1
2_10 1784.6748 -710.3546 1
2_11 2114.9582 1634.3098 1
2_16 -2880.2813 909.2097 1
0_200
0_18 -2757.4209 779.7056 1
0_21 -2643.0015 -229.5186 1
0_22 -2829.9361 -1074.3975 1
0_23 -2454.2847 -1868.6243 1
0_37 -1343.1326 -53.9611 1
0_38 -1650.3837 -387.9782 1
0_39 -1833.2308 -944.7225 1
0_40 -870.0295 -908.4844 1
0_55 -41.1597 -244.0564 1
0_56 93.7867 512.4040 1
0_57 -55.4944 -1839.8140 1
0_58 248.1956 -1750.0426 1
0_71 2143.0317 1074.2957 1
0_72 795.6834 1332.8240 1
0_73 1328.5979 -474.5289 1
0_74 1868.3250 -155.3967 1
0_75 2183.1585 -512.5407 1
0_76 2197.6738 -1077.4509 1
0_91 2497.0679 -117.3461 1
0_94 2902.2193 -949.2800 1
1_17 -1519.3430 1037.1839 1
1_18 -1390.6680 387.5276 1
1_19 -1038.9598 -1197.7428 1
1_26 -88.4153 1869.0142 1
1_27 -122.6427 281.2387 1
1_28 868.3728 -1983.0226 1
1_35 1353.3413 1306.9793 1
1_36 1914.5479 813.5531 1
1_37 1752.1575 -799.4225 1
1_45 2427.4998 467.2259 1
2_6 -1655.8904 1198.7878 1
2_7 -1397.7871 -1745.4861 1
2_12 500.8667 518.9042 1
2_13 -374.5938 -1049.5743 1
2_19 2162.6870 -1091.8144 1
0_201
0_18 -2828.2491 1484.2716 1
0_21 -2712.7826 476.3230 1
0_22 -2900.7161 -366.9947 1
0_23 -2525.0268 -1160.7892 1
0_37 -1413.4711 652.3790 1
0_38 -1720.9524 318.8412 1
0_39 -1903.4952 -238.6940 1
0_40 -940.0177 -201.2342 1
0_41 -2035.9879 -1974.9168 1
0_55 -111.6469 460.0863 1
0_56 23.2245 1220.9832 1
0_57 -123.1564 -1148.9873 1
0_58 179.0825 -1050.9394 1
0_71 2070.4427 1801.3830 1
0_73 1257.5508 234.5688 1
0_74 1797.2096 556.9773 1
0_75 2111.3842 200.3802 1
0_76 2127.1635 -364.3887 1
0_78 1189.8152 -1788.4195 1
0_91 2425.2703 604.3751 1
0_94 2830.7989 -230.6338 1
0_95 2614.4768 -1938.9463 1
1_17 -1588.3863 1744.2520 1
1_18 -1461.3960 1093.7697 1
1_19 -1109.9920 -489.5496 1
1_27 -193.8982 986.6893 1
1_28 796.8012 -1273.0314 1
1_36 1843.0433 1534.8029 1
1_37 1680.0987 -88.9576 1
1_45 2356.2665 1190.4113 1
1_46 2946.9082 -802.7983 1
2_6 -1725.8460 1904.6914 1
2_7 -1468.9323 -1036.7094 1
2_12 429.9293 1228.8046 1
2_13 -442.9350 -358.7578 1
2_19 2091.7274 -376.6841 1
0_202
0_21 -2783.8221 1184.6179 1
0_22 -2970.7142 339.1955 1
0_23 -2596.1269 -452.9787 1
0_37 -1484.4591 1358.9548 1
0_38 -1792.1650 1025.6316 1
0_39 -1973.2279 469.3215 1
0_40 -1011.8242 505.8356 1
0_41 -2106.5094 -1264.0506 1
0_55 -180.8240 1164.7172 1
0_56 -47.8450 1928.4126 1
0_57 -192.6554 -457.7423 1
0_58 108.4431 -351.6070 1
0_59 592.4644 -1476.8216 1
0_73 1186.6496 944.0723 1
0_74 1726.2942 1268.1198 1
0_75 2041.8122 914.7423 1
0_76 2054.6588 348.5561 1
0_77 2363.8043 -1571.7739 1
0_78 1118.6934 -1080.8534 1
0_91 2352.6842 1325.3443 1
0_94 2759.7770 488.8846 1
0_95 2542.9076 -1224.5577 1
0_96 2765.4863 -1973.2611 1
1_18 -1532.5767 1800.6711 1
1_19 -1179.2486 219.0145 1
1_27 -263.9963 1691.4038 1
1_28 725.9924 -562.1279 1
1_29 372.0262 -1309.3717 1
1_37 1609.7296 620.8748 1
1_38 1365.6616 -1952.4809 1
1_45 2282.2347 1913.0009 1
1_46 2875.3278 -83.4321 1
1_47 2612.1829 -1955.7758 1
2_2 -2863.9313 -1316.6831 1
2_7 -1538.1793 -328.1349 1
2_12 360.0417 1938.1327 1
2_13 -512.8246 332.0808 1
2_14 55.7566 -1559.9631 1
2_19 2021.1119 336.1892 1
0_203
0_21 -2853.2332 1888.4503 1
0_23 -2666.4561 255.1512 1
0_27 -2088.4388 -1982.6632 1
0_38 -1862.6599 1733.0741 1
0_39 -2044.9796 1176.5416 1
0_40 -1081.4782 1213.4574 1
0_41 -2177.4289 -555.2508 1
0_42 -1200.4862 -1364.6409 1
0_55 -250.7679 1866.8509 1
0_57 -260.5839 232.7368 1
0_58 39.1695 346.1410 1
0_59 523.4672 -786.7949 1
0_60 -236.5360 -1645.0560 1
0_62 903.4754 -1933.4937 1
0_73 1115.7741 1654.3665 1
0_74 1655.4003 1979.9511 1
0_75 1970.3822 1627.6998 1
0_76 1985.2951 1061.8877 1
0_77 2293.1592 -856.6892 1
0_78 1048.4104 -373.0696 1
0_80 1429.6632 -1653.5618 1
0_93 2947.0356 476.4277 1
0_94 2688.6130 1207.7423 1
0_95 2471.8790 -508.7956 1
0_96 2694.3188 -1259.2267 1
1_19 -1250.8599 928.2849 1
1_20 -815.8763 -1688.3149 1
1_28 654.0323 148.0982 1
1_29 303.1213 -617.5775 1
1_37 1539.1635 1331.9297 1
1_38 1295.4577 -1255.8320 1
1_46 2803.1207 635.9815 1
1_47 2540.6178 -1242.3071 1
2_2 -2934.6096 -607.7516 1
2_7 -1609.1494 379.6393 1
2_13 -581.5130 1022.9734 1
2_14 -15.4809 -847.1671 1
2_19 1949.0263 1050.9481 1
0_204
0_23 -2736.7959 963.8516 1
0_27 -2159.2405 -1271.1572 1
0_39 -2115.6783 1884.0481 1
0_40 -1151.6840 1920.7232 1
0_41 -2248.4478 154.9934 1
0_42 -1271.2992 -654.2972 1
0_43 -1655.3988 -1377.0026 1
0_44 -1822.4598 -1711.7147 1
0_57 -330.8723 923.3356 1
0_58 -30.2705 1047.6204 1
0_59 453.6436 -95.6587 1
0_60 -306.9574 -933.5149 1
0_62 831.6349 -1227.8602 1
0_76 1912.8527 1775.9538 1
0_77 2221.8802 -141.8476 1
0_78 976.6684 334.8128 1
0_79 2452.4545 -1789.9534 1
0_80 1361.8554 -962.3299 1
0_93 2874.8230 1195.1906 1
0_94 2615.7258 1927.3263 1
0_95 2400.1559 206.6683 1
0_96 2622.9860 -544.3949 1
1_19 -1321.3388 1635.6547 1
1_20 -886.9668 -977.9679 1
1_28 583.5707 857.6832 1
1_29 234.4083 72.8017 1
1_30 97.0280 -1349.6431 1
1_38 1226.0321 -561.3619 1
1_39 2389.5262 -1332.1352 1
1_46 2731.8118 1354.3937 1
1_47 2470.3743 -526.4788 1
2_7 -1680.6258 1089.0920 1
2_8 -2632.2656 -1714.8362 1
2_13 -651.1124 1713.5123 1
2_14 -87.9488 -134.3434 1
2_19 1877.5463 1763.9819 1
0_205
0_23 -2807.8190 1670.2688 1
0_26 -2726.9879 -1787.1492 1
0_27 -2230.4722 -559.5776 1
0_41 -2318.9142 865.4868 1
0_42 -1342.3569 57.2919 1
0_43 -1726.2692 -664.0183 1
0_44 -1893.1793 -997.9740 1
0_57 -399.6026 1612.8440 1
0_58 -99.7780 1747.1104 1
0_59 385.7504 595.9206 1
0_60 -377.5066 -222.5247 1
0_61 790.3140 -1533.7331 1
0_62 760.6093 -521.9839 1
0_77 2150.5350 571.3623 1
0_78 907.1792 1041.4734 1
0_79 2380.5894 -1074.9550 1
0_80 1292.7205 -271.5156 1
0_81 1028.7739 -1928.2803 1
0_93 2803.7052 1913.2743 1
0_95 2327.9187 921.0517 1
0_96 2550.7215 169.9238 1
1_20 -958.4420 -267.6989 1
1_21 -1334.6385 -1388.5082 1
1_28 513.3688 1568.8989 1
1_29 164.7673 763.2315 1
1_30 24.9875 -637.3543 1
1_38 1156.5561 134.3129 1
1_39 2318.6435 -617.4023 1
1_47 2398.1692 187.6117 1
2_7 -1750.9457 1797.1492 1
2_8 -2704.2046 -1001.7594 1
2_14 -158.0093 578.6563 1
2_15 -44.5384 -1574.2849 1
0_206
0_26 -2802.6798 -1034.3219 1
0_27 -2302.1880 152.2054 1
0_41 -2390.8636 1574.0535 1
0_42 -1413.5486 768.1512 1
0_43 -1798.2383 46.4878 1
0_44 -1964.6157 -283.9681 1
0_59 316.0594 1286.9315 1
0_60 -449.3486 489.3558 1
0_61 719.6814 -826.2199 1
0_62 690.5327 184.3370 1
0_64 678.9633 -1918.2458 1
0_77 2078.0564 1286.7645 1
0_78 836.0221 1749.2273 1
0_79 2308.6006 -359.7905 1
0_80 1223.2253 419.5526 1
0_81 959.0400 -1219.9561 1
0_82 1905.3036 -1436.9509 1
0_95 2257.1977 1635.8699 1
0_96 2479.4695 885.1242 1
1_20 -1029.5554 443.7946 1
1_21 -1404.7846 -675.3184 1
1_29 96.0608 1455.0932 1
1_30 -45.6543 72.4537 1
1_38 1088.0733 830.2812 1
1_39 2246.6084 97.4556 1
1_47 2326.5785 903.0354 1
1_48 2999.3377 -434.3154 1
2_8 -2775.4337 -288.9758 1
2_9 -661.9734 -1309.6228 1
2_14 -229.1706 1290.3746 1
2_15 -114.5414 -861.7745 1
0_207
0_26 -2878.3298 -279.6786 1
0_27 -2372.7985 864.2764 1
0_42 -1483.4722 1478.4679 1
0_43 -1868.0959 758.8939 1
0_44 -2036.2596 428.3891 1
0_46 -1118.5291 -1327.3645 1
0_59 247.5869 1976.8304 1
0_60 -519.3564 1199.7603 1
0_61 649.3638 -118.5004 1
0_62 620.5660 889.6841 1
0_63 -492.4899 -1892.2320 1
0_64 607.7743 -1207.2912 1
0_79 2238.0128 356.0829 1
0_80 1155.2302 1111.2664 1
0_81 887.4600 -511.6450 1
0_82 1834.5377 -733.6106 1
0_96 2407.9914 1599.1527 1
1_20 -1100.3431 1155.4661 1
1_21 -1475.8813 37.1654 1
1_22 -634.6110 -1572.7786 1
1_30 -117.5382 783.2746 1
1_31 -482.3332 -1400.9504 1
1_38 1016.6692 1526.1973 1
1_39 2175.3293 811.5720 1
1_40 1946.3679 -1392.8138 1
1_41 2576.6962 -1676.0524 1
1_47 2255.4877 1617.7329 1
1_48 2927.8710 283.0875 1
2_8 -2846.6056 423.7658 1
2_9 -733.8567 -595.7899 1
2_15 -185.9086 -149.4165 1
