0_0 673294.92196 3936895.73039 13.05768 0 0.02000 0.02000 0.03000
0_1 673303.57633 3936865.02042 13.15470 0 0.02000 0.02000 0.03000
0_2 673401.04212 3936894.38476 14.34756 0 0.02000 0.02000 0.03000
0_3 673345.63470 3936892.76381 13.41924 0 0.02000 0.02000 0.03000
0_4 673451.18134 3936878.78646 24.24484 0 0.02000 0.02000 0.03000
0_5 673411.47265 3936884.24387 18.70623 0 0.02000 0.02000 0.03000
0_6 673518.11719 3936904.27637 15.12138 0 0.02000 0.02000 0.03000
0_7 673496.89023 3936868.95826 15.28696 0 0.02000 0.02000 0.03000
0_8 673583.74869 3936861.01237 19.87603 0 0.02000 0.02000 0.03000
0_9 673562.55317 3936871.93372 16.52931 0 0.02000 0.02000 0.03000
0_10 673602.17240 3936867.27807 26.69471 0 0.02000 0.02000 0.03000
0_11 673627.92385 3936854.86223 34.56447 0 0.02000 0.02000 0.03000
0_12 673694.64423 3936859.96019 58.25883 0 0.02000 0.02000 0.03000
0_13 673696.97245 3936888.29682 58.11073 0 0.02000 0.02000 0.03000
0_14 673771.68705 3936860.04457 76.84055 0 0.02000 0.02000 0.03000
0_15 673789.73242 3936865.82974 77.33556 0 0.02000 0.02000 0.03000
0_16 673811.90407 3936914.54731 68.30121 0 0.02000 0.02000 0.03000
0_17 673803.54960 3936864.11349 77.63538 0 0.02000 0.02000 0.03000
0_18 673331.57128 3936966.12358 13.35198 0 0.02000 0.02000 0.03000
0_19 673281.01867 3936926.53434 13.10031 0 0.02000 0.02000 0.03000
0_20 673351.13085 3936940.30981 13.46328 0 0.02000 0.02000 0.03000
0_21 673374.57212 3936966.91441 13.68592 0 0.02000 0.02000 0.03000
0_22 673409.25806 3936955.59889 13.87975 0 0.02000 0.02000 0.03000
0_23 673444.10372 3936968.14845 14.10269 0 0.02000 0.02000 0.03000
0_24 673522.75334 3936927.55347 15.06375 0 0.02000 0.02000 0.03000
0_25 673489.55944 3936926.50778 14.74101 0 0.02000 0.02000 0.03000
0_26 673585.69924 3936964.48093 26.97157 0 0.02000 0.02000 0.03000
0_27 673540.03637 3936983.62653 15.39186 0 0.02000 0.02000 0.03000
0_28 673625.77265 3936929.67308 42.35294 0 0.02000 0.02000 0.03000
0_29 673664.42817 3936959.18758 47.46426 0 0.02000 0.02000 0.03000
0_30 673688.11257 3936964.23957 51.80294 0 0.02000 0.02000 0.03000
0_31 673687.82870 3936938.57811 55.74882 0 0.02000 0.02000 0.03000
0_32 673775.82027 3936951.73543 63.44308 0 0.02000 0.02000 0.03000
0_33 673757.85443 3936956.01379 62.66045 0 0.02000 0.02000 0.03000
0_34 673842.11552 3936969.83165 50.21380 0 0.02000 0.02000 0.03000
0_35 673285.70725 3937025.61366 10.55272 0 0.02000 0.02000 0.03000
0_36 673291.35199 3937002.12697 13.35797 0 0.02000 0.02000 0.03000
0_37 673372.68830 3937022.32577 13.84995 0 0.02000 0.02000 0.03000
0_38 673385.38380 3937008.03055 13.86758 0 0.02000 0.02000 0.03000
0_39 673408.00603 3936998.07431 14.00507 0 0.02000 0.02000 0.03000
0_40 673410.50571 3937038.66404 13.93017 0 0.02000 0.02000 0.03000
0_41 673480.12131 3936985.55598 14.72371 0 0.02000 0.02000 0.03000
0_42 673518.02333 3937023.14444 14.99370 0 0.02000 0.02000 0.03000
0_43 673546.54488 3937004.20678 15.39182 0 0.02000 0.02000 0.03000
0_44 673559.69453 3936996.03804 15.84474 0 0.02000 0.02000 0.03000
0_45 673665.53524 3936994.65227 40.35074 0 0.02000 0.02000 0.03000
0_46 673635.44441 3937028.12091 20.67753 0 0.02000 0.02000 0.03000
0_47 673698.66882 3937008.87439 35.68272 0 0.02000 0.02000 0.03000
0_48 673714.02830 3937004.18851 39.30482 0 0.02000 0.02000 0.03000
0_49 673747.79477 3937014.76876 30.19256 0 0.02000 0.02000 0.03000
0_50 673748.58300 3937026.66431 18.53924 0 0.02000 0.02000 0.03000
0_51 673822.10796 3937031.56458 12.21589 0 0.02000 0.02000 0.03000
0_52 673806.90963 3937018.33527 19.65305 0 0.02000 0.02000 0.03000
0_53 673283.31198 3937087.52339 18.51446 0 0.02000 0.02000 0.03000
0_54 673280.52409 3937097.98893 19.05431 0 0.02000 0.02000 0.03000
0_55 673386.14419 3937076.24713 12.99778 0 0.02000 0.02000 0.03000
0_56 673354.92586 3937085.08220 14.39339 0 0.02000 0.02000 0.03000
0_57 673454.90148 3937068.75462 8.78012 0 0.02000 0.02000 0.03000
0_58 673451.39312 3937082.14151 11.59664 0 0.02000 0.02000 0.03000
0_59 673502.04809 3937098.13278 8.92343 0 0.02000 0.02000 0.03000
0_60 673533.72938 3937062.29454 15.08843 0 0.02000 0.02000 0.03000
0_61 673593.70508 3937105.76486 14.00968 0 0.02000 0.02000 0.03000
0_62 673551.15163 3937108.85557 13.54843 0 0.02000 0.02000 0.03000
0_63 673662.55263 3937050.70766 16.25241 0 0.02000 0.02000 0.03000
0_64 673638.90971 3937099.35083 15.24343 0 0.02000 0.02000 0.03000
0_65 673713.50002 3937067.54002 10.62882 0 0.02000 0.02000 0.03000
0_66 673726.27585 3937094.30113 16.96113 0 0.02000 0.02000 0.03000
0_67 673744.32350 3937104.38725 16.57726 0 0.02000 0.02000 0.03000
0_68 673793.28807 3937076.13334 17.49414 0 0.02000 0.02000 0.03000
0_69 673840.36439 3937074.76286 17.13714 0 0.02000 0.02000 0.03000
0_70 673805.94909 3937111.88820 17.17031 0 0.02000 0.02000 0.03000
0_71 673340.79904 3937170.99842 19.56969 0 0.02000 0.02000 0.03000
0_72 673323.58790 3937117.83726 14.74858 0 0.02000 0.02000 0.03000
0_73 673401.41309 3937132.60882 14.70783 0 0.02000 0.02000 0.03000
0_74 673390.26570 3937156.32853 15.29003 0 0.02000 0.02000 0.03000
0_75 673406.43593 3937167.76076 15.84157 0 0.02000 0.02000 0.03000
0_76 673430.00531 3937166.06543 15.74436 0 0.02000 0.02000 0.03000
0_77 673511.15651 3937170.77336 16.08732 0 0.02000 0.02000 0.03000
0_78 673486.06663 3937121.43796 14.01180 0 0.02000 0.02000 0.03000
0_79 673580.50203 3937173.42456 16.30167 0 0.02000 0.02000 0.03000
0_80 673543.19643 3937133.39679 8.99420 0 0.02000 0.02000 0.03000
0_81 673611.13746 3937114.06995 14.35945 0 0.02000 0.02000 0.03000
0_82 673624.62909 3937153.33398 13.02381 0 0.02000 0.02000 0.03000
0_83 673708.58002 3937147.03153 16.69088 0 0.02000 0.02000 0.03000
0_84 673720.26437 3937127.87676 16.70625 0 0.02000 0.02000 0.03000
0_85 673781.72772 3937157.05970 17.28661 0 0.02000 0.02000 0.03000
0_86 673757.15347 3937164.47628 17.29320 0 0.02000 0.02000 0.03000
0_87 673820.37482 3937120.37203 17.37303 0 0.02000 0.02000 0.03000
0_88 673821.70842 3937136.26474 17.51712 0 0.02000 0.02000 0.03000
0_89 673323.12319 3937213.95892 25.14495 0 0.02000 0.02000 0.03000
0_90 673321.58310 3937190.65316 20.59188 0 0.02000 0.02000 0.03000
0_91 673391.10893 3937181.34064 18.10984 0 0.02000 0.02000 0.03000
0_92 673342.59841 3937216.68899 19.99288 0 0.02000 0.02000 0.03000
0_93 673458.48283 3937202.71467 17.38374 0 0.02000 0.02000 0.03000
0_94 673427.18272 3937195.00972 17.41938 0 0.02000 0.02000 0.03000
0_95 673497.37648 3937179.51015 16.33967 0 0.02000 0.02000 0.03000
0_96 673529.51737 3937185.77170 16.09271 0 0.02000 0.02000 0.03000
0_97 673580.73999 3937206.83218 16.93400 0 0.02000 0.02000 0.03000
0_98 673708.86441 3937212.35954 17.72297 0 0.02000 0.02000 0.03000
0_99 673779.98548 3937200.56079 17.86690 0 0.02000 0.02000 0.03000
0_100 673813.90683 3937181.68720 17.82243 0 0.02000 0.02000 0.03000
1_0 673288.68800 3936883.57096 12.89354 3 0.01000 0.01000 0.01200
1_1 673375.80507 3936877.39528 14.39910 3 0.01000 0.01000 0.01200
1_2 673411.08473 3936854.70861 27.06356 3 0.01000 0.01000 0.01200
1_3 673501.55046 3936897.82193 14.94178 3 0.01000 0.01000 0.01200
1_4 673564.83610 3936883.09370 16.98415 3 0.01000 0.01000 0.01200
1_5 673654.48151 3936897.51193 47.57760 3 0.01000 0.01000 0.01200
1_6 673670.44055 3936854.60083 51.83322 3 0.01000 0.01000 0.01200
1_7 673791.09573 3936915.00896 70.71542 3 0.01000 0.01000 0.01200
1_8 673835.33163 3936900.83916 70.73625 3 0.01000 0.01000 0.01200
1_9 673326.71723 3936940.07550 13.27197 3 0.01000 0.01000 0.01200
1_10 673378.16666 3936947.96311 13.70910 3 0.01000 0.01000 0.01200
1_11 673469.24430 3936928.15215 14.51789 3 0.01000 0.01000 0.01200
1_12 673498.54999 3936937.73970 14.70591 3 0.01000 0.01000 0.01200
1_13 673596.55469 3936951.40023 32.22975 3 0.01000 0.01000 0.01200
1_14 673648.62523 3936945.52400 46.01177 3 0.01000 0.01000 0.01200
1_15 673718.28311 3936930.57672 61.91018 3 0.01000 0.01000 0.01200
1_16 673778.80946 3936964.21139 58.58194 3 0.01000 0.01000 0.01200
1_17 673325.97308 3937019.45496 13.69804 3 0.01000 0.01000 0.01200
1_18 673353.89165 3937022.11142 13.73983 3 0.01000 0.01000 0.01200
1_19 673421.87319 3937030.43430 14.33865 3 0.01000 0.01000 0.01200
1_20 673533.15828 3937037.87539 15.09847 3 0.01000 0.01000 0.01200
1_21 673578.28041 3937017.68587 15.70013 3 0.01000 0.01000 0.01200
1_22 673648.74657 3937046.10657 16.17720 3 0.01000 0.01000 0.01200
1_23 673719.74334 3937018.06776 31.84020 3 0.01000 0.01000 0.01200
1_24 673786.48137 3937029.93826 15.44822 3 0.01000 0.01000 0.01200
1_25 673844.25548 3936985.48299 43.73973 3 0.01000 0.01000 0.01200
1_26 673297.23470 3937083.11819 14.22040 3 0.01000 0.01000 0.01200
1_27 673363.61353 3937074.98515 13.21839 3 0.01000 0.01000 0.01200
1_28 673462.53975 3937107.00434 14.86112 3 0.01000 0.01000 0.01200
1_29 673493.86752 3937089.38576 9.00986 3 0.01000 0.01000 0.01200
1_30 673552.79211 3937077.38283 15.05518 3 0.01000 0.01000 0.01200
1_31 673642.24114 3937053.18325 16.01966 3 0.01000 0.01000 0.01200
1_32 673711.13210 3937057.73504 16.43478 3 0.01000 0.01000 0.01200
1_33 673780.77563 3937080.48836 17.18560 3 0.01000 0.01000 0.01200
1_34 673808.63974 3937057.33049 15.43058 3 0.01000 0.01000 0.01200
1_35 673327.48524 3937140.34552 17.17131 3 0.01000 0.01000 0.01200
1_36 673350.39969 3937161.12393 18.24733 3 0.01000 0.01000 0.01200
1_37 673416.73396 3937148.85554 14.94260 3 0.01000 0.01000 0.01200
1_38 673525.20109 3937128.98397 10.40131 3 0.01000 0.01000 0.01200
1_39 673561.26414 3937172.79366 16.16388 3 0.01000 0.01000 0.01200
1_40 673652.01401 3937154.15808 16.00301 3 0.01000 0.01000 0.01200
1_41 673666.20830 3937178.94002 16.50518 3 0.01000 0.01000 0.01200
1_42 673757.60606 3937150.41391 16.98245 3 0.01000 0.01000 0.01200
1_43 673817.69015 3937140.02658 17.44120 3 0.01000 0.01000 0.01200
1_44 673328.41297 3937209.05184 22.98165 3 0.01000 0.01000 0.01200
1_45 673366.79483 3937180.58163 18.64821 3 0.01000 0.01000 0.01200
1_46 673451.31521 3937197.40412 17.50029 3 0.01000 0.01000 0.01200
1_47 673528.14998 3937179.47028 16.17411 3 0.01000 0.01000 0.01200
1_48 673586.39140 3937201.47664 16.81130 3 0.01000 0.01000 0.01200
1_49 673685.46485 3937198.92926 17.73457 3 0.01000 0.01000 0.01200
2_0 673358.39519 3936878.41517 13.57135 4 0.02000 0.02000 0.03000
2_1 673435.98880 3936897.50843 18.82577 4 0.02000 0.02000 0.03000
2_2 673479.18021 3936953.50430 14.47620 4 0.02000 0.02000 0.03000
2_3 673638.94231 3936886.66436 43.36302 4 0.02000 0.02000 0.03000
2_4 673691.53979 3936947.19254 55.10573 4 0.02000 0.02000 0.03000
2_5 673835.13162 3936866.72130 77.14394 4 0.02000 0.02000 0.03000
2_6 673318.62493 3937014.37663 13.62492 4 0.02000 0.02000 0.03000
2_7 673443.32254 3937013.08834 14.32152 4 0.02000 0.02000 0.03000
2_8 673556.50545 3936962.15085 15.60346 4 0.02000 0.02000 0.03000
2_9 673607.75249 3937045.99390 15.88813 4 0.02000 0.02000 0.03000
2_10 673712.27700 3936973.40552 52.68703 4 0.02000 0.02000 0.03000
2_11 673784.13877 3936963.43803 57.88446 4 0.02000 0.02000 0.03000
2_12 673356.39221 3937102.12209 14.76146 4 0.02000 0.02000 0.03000
2_13 673419.53413 3937058.36989 8.98256 4 0.02000 0.02000 0.03000
2_14 673501.25040 3937074.79833 15.48620 4 0.02000 0.02000 0.03000
2_15 673591.45054 3937070.63222 15.51338 4 0.02000 0.02000 0.03000
2_16 673773.78324 3937139.20930 17.12615 4 0.02000 0.02000 0.03000
2_17 673822.97282 3937087.91846 17.26876 4 0.02000 0.02000 0.03000
2_18 673293.40373 3937165.51964 21.80573 4 0.02000 0.02000 0.03000
2_19 673430.39537 3937164.47261 15.91600 4 0.02000 0.02000 0.03000
2_20 673722.81996 3937174.42649 17.28549 4 0.02000 0.02000 0.03000
2_21 673777.33127 3937191.06462 18.02792 4 0.02000 0.02000 0.03000
